6.000000000000039790e+01 7.349999999999999867e-01 nan nan
5.190000000000029701e+01 4.105000000000000426e+00 nan nan
6.220000000000050022e+01 4.600000000000000200e-01 nan nan
5.620000000000040075e+01 1.590000000000000080e+00 nan nan
5.840000000000039648e+01 9.899999999999999911e-01 nan nan
3.069999999999999929e+01 1.849999999999999978e-01 nan nan
3.250000000000000000e+01 2.500000000000000000e-01 nan nan
3.260000000000000142e+01 2.550000000000000044e-01 nan nan
5.560000000000039933e+01 1.850000000000000089e+00 nan nan
3.510000000000010090e+01 4.749999999999999778e-01 nan nan
5.150000000000029843e+01 4.394999999999999574e+00 nan nan
3.089999999999999858e+01 1.900000000000000022e-01 nan nan
4.180000000000020322e+01 2.024999999999999911e+00 nan nan
4.860000000000029985e+01 5.825000000000000178e+00 nan nan
3.540000000000009805e+01 4.949999999999999956e-01 nan nan
5.140000000000029701e+01 4.469999999999999751e+00 nan nan
5.960000000000039933e+01 7.750000000000000222e-01 nan nan
4.930000000000030269e+01 5.684999999999999609e+00 nan nan
3.560000000000010090e+01 5.250000000000000222e-01 nan nan
3.880000000000009663e+01 1.010000000000000009e+00 nan nan
6.460000000000050591e+01 2.800000000000000266e-01 nan nan
4.710000000000020037e+01 5.500000000000000000e+00 nan nan
5.570000000000040075e+01 1.784999999999999920e+00 nan nan
4.050000000000009948e+01 1.459999999999999964e+00 nan nan
3.430000000000009663e+01 3.900000000000000133e-01 nan nan
4.870000000000030127e+01 5.809999999999999609e+00 nan nan
4.960000000000029985e+01 5.565000000000000391e+00 nan nan
5.460000000000029985e+01 2.299999999999999822e+00 nan nan
3.460000000000010090e+01 4.249999999999999889e-01 nan nan
3.050000000000000000e+01 1.700000000000000122e-01 nan nan
5.160000000000029985e+01 4.315000000000000391e+00 nan nan
3.790000000000009805e+01 8.449999999999999734e-01 nan nan
6.960000000000060538e+01 1.400000000000000133e-01 nan nan
6.670000000000050022e+01 1.799999999999999933e-01 nan nan
5.000000000000029843e+01 5.379999999999999893e+00 nan nan
4.990000000000029701e+01 5.434999999999999609e+00 nan nan
5.490000000000039648e+01 2.140000000000000124e+00 nan nan
5.130000000000030269e+01 4.530000000000000249e+00 nan nan
5.650000000000039790e+01 1.489999999999999991e+00 nan nan
4.580000000000020322e+01 4.669999999999999929e+00 nan nan
3.139999999999999858e+01 2.000000000000000111e-01 nan nan
4.410000000000020037e+01 3.399999999999999911e+00 nan nan
4.250000000000019895e+01 2.359999999999999876e+00 nan nan
4.170000000000020179e+01 1.969999999999999973e+00 nan nan
5.170000000000030127e+01 4.259999999999999787e+00 nan nan
6.870000000000050022e+01 1.600000000000000033e-01 nan nan
6.280000000000050164e+01 4.099999999999999756e-01 nan nan
5.360000000000029985e+01 2.895000000000000018e+00 nan nan
3.100000000000000000e+01 1.950000000000000067e-01 nan nan
4.350000000000019895e+01 2.990000000000000213e+00 nan nan
5.810000000000039933e+01 1.070000000000000062e+00 nan nan
3.670000000000010232e+01 6.600000000000000311e-01 nan nan
4.780000000000030269e+01 5.735000000000000320e+00 nan nan
4.590000000000019753e+01 4.745000000000000107e+00 nan nan
6.200000000000049738e+01 4.650000000000000244e-01 nan nan
4.150000000000019895e+01 1.889999999999999902e+00 nan nan
4.360000000000020037e+01 3.055000000000000160e+00 nan nan
5.050000000000029843e+01 5.089999999999999858e+00 nan nan
6.840000000000050306e+01 1.700000000000000122e-01 nan nan
6.030000000000040217e+01 6.850000000000000533e-01 nan nan
6.320000000000050022e+01 3.750000000000000000e-01 nan nan
6.630000000000049454e+01 2.000000000000000111e-01 nan nan
5.770000000000040075e+01 1.165000000000000036e+00 nan nan
5.800000000000039790e+01 1.090000000000000080e+00 nan nan
4.310000000000020037e+01 2.734999999999999876e+00 nan nan
6.150000000000039790e+01 5.100000000000000089e-01 nan nan
5.980000000000040217e+01 7.650000000000000133e-01 nan nan
3.980000000000009663e+01 1.270000000000000018e+00 nan nan
4.100000000000019895e+01 1.675000000000000044e+00 nan nan
4.200000000000019895e+01 2.104999999999999982e+00 nan nan
4.830000000000030269e+01 5.815000000000000391e+00 nan nan
5.010000000000029985e+01 5.334999999999999964e+00 nan nan
5.090000000000029701e+01 4.830000000000000071e+00 nan nan
3.720000000000010232e+01 7.199999999999999734e-01 nan nan
5.330000000000030269e+01 3.115000000000000213e+00 nan nan
5.480000000000040217e+01 2.174999999999999822e+00 nan nan
3.650000000000009948e+01 6.350000000000000089e-01 nan nan
3.320000000000010232e+01 2.849999999999999756e-01 nan nan
3.379999999999999716e+01 3.649999999999999911e-01 nan nan
6.060000000000039933e+01 6.400000000000000133e-01 nan nan
6.210000000000049880e+01 4.650000000000000244e-01 nan nan
3.289999999999999858e+01 2.849999999999999756e-01 nan nan
5.610000000000039933e+01 1.635000000000000009e+00 nan nan
3.390000000000009805e+01 3.699999999999999956e-01 nan nan
4.500000000000019895e+01 4.094999999999999751e+00 nan nan
3.620000000000010232e+01 5.899999999999999689e-01 nan nan
5.930000000000040217e+01 8.050000000000000488e-01 nan nan
4.550000000000019895e+01 4.445000000000000284e+00 nan nan
3.160000000000000142e+01 2.099999999999999922e-01 nan nan
6.640000000000050306e+01 2.099999999999999922e-01 nan nan
3.060000000000000142e+01 1.749999999999999889e-01 nan nan
4.690000000000019753e+01 5.379999999999999893e+00 nan nan
3.210000000000000142e+01 2.300000000000000100e-01 nan nan
3.270000000000000284e+01 2.550000000000000044e-01 nan nan
6.560000000000050591e+01 2.300000000000000100e-01 nan nan
6.370000000000050022e+01 3.300000000000000155e-01 nan nan
6.420000000000050022e+01 3.049999999999999933e-01 nan nan
4.160000000000020037e+01 1.935000000000000053e+00 nan nan
5.540000000000039648e+01 1.919999999999999929e+00 nan nan
6.590000000000050306e+01 2.149999999999999967e-01 nan nan
4.120000000000020179e+01 1.750000000000000000e+00 nan nan
4.790000000000029701e+01 5.775000000000000355e+00 nan nan
6.360000000000049880e+01 3.449999999999999734e-01 nan nan
6.890000000000060254e+01 1.650000000000000078e-01 nan nan
5.420000000000030127e+01 2.504999999999999893e+00 nan nan
3.580000000000009663e+01 5.400000000000000355e-01 nan nan
4.740000000000019753e+01 5.599999999999999645e+00 nan nan
4.940000000000029701e+01 5.655000000000000249e+00 nan nan
3.550000000000009948e+01 5.000000000000000000e-01 nan nan
5.790000000000039648e+01 1.120000000000000107e+00 nan nan
4.650000000000019895e+01 5.139999999999999680e+00 nan nan
4.190000000000019753e+01 2.055000000000000160e+00 nan nan
4.510000000000020037e+01 4.155000000000000249e+00 nan nan
4.280000000000020322e+01 2.555000000000000160e+00 nan nan
5.070000000000030127e+01 4.940000000000000391e+00 nan nan
3.310000000000000142e+01 2.899999999999999800e-01 nan nan
4.610000000000020037e+01 4.865000000000000213e+00 nan nan
5.550000000000039790e+01 1.875000000000000000e+00 nan nan
4.520000000000020179e+01 4.214999999999999858e+00 nan nan
6.750000000000049738e+01 2.000000000000000111e-01 nan nan
6.480000000000049454e+01 2.650000000000000133e-01 nan nan
5.820000000000040075e+01 1.054999999999999938e+00 nan nan
3.130000000000000071e+01 1.950000000000000067e-01 nan nan
3.910000000000010090e+01 1.074999999999999956e+00 nan nan
4.470000000000020179e+01 3.865000000000000213e+00 nan nan
3.189999999999999858e+01 2.149999999999999967e-01 nan nan
3.019999999999999929e+01 1.799999999999999933e-01 nan nan
3.400000000000009948e+01 3.850000000000000089e-01 nan nan
6.680000000000049454e+01 1.749999999999999889e-01 nan nan
4.330000000000020322e+01 2.859999999999999876e+00 nan nan
3.870000000000010232e+01 9.899999999999999911e-01 nan nan
6.270000000000050022e+01 4.099999999999999756e-01 nan nan
6.820000000000050022e+01 1.749999999999999889e-01 nan nan
6.470000000000050022e+01 2.750000000000000222e-01 nan nan
5.630000000000040217e+01 1.564999999999999947e+00 nan nan
4.390000000000019753e+01 3.250000000000000000e+00 nan nan
6.310000000000049880e+01 3.800000000000000044e-01 nan nan
6.600000000000049738e+01 2.099999999999999922e-01 nan nan
4.540000000000019753e+01 4.389999999999999680e+00 nan nan
6.580000000000049454e+01 2.200000000000000011e-01 nan nan
5.880000000000040217e+01 8.850000000000000089e-01 nan nan
4.800000000000029843e+01 5.785000000000000142e+00 nan nan
3.470000000000010232e+01 4.349999999999999978e-01 nan nan
3.300000000000000000e+01 2.899999999999999800e-01 nan nan
3.610000000000010090e+01 5.799999999999999600e-01 nan nan
4.240000000000019753e+01 2.299999999999999822e+00 nan nan
3.520000000000010232e+01 4.799999999999999822e-01 nan nan
6.100000000000039790e+01 5.849999999999999645e-01 nan nan
3.840000000000009805e+01 9.300000000000000488e-01 nan nan
4.110000000000020037e+01 1.699999999999999956e+00 nan nan
5.690000000000039648e+01 1.375000000000000000e+00 nan nan
4.230000000000020322e+01 2.240000000000000213e+00 nan nan
3.690000000000009805e+01 6.850000000000000533e-01 nan nan
4.430000000000020322e+01 3.524999999999999911e+00 nan nan
4.040000000000009805e+01 1.435000000000000053e+00 nan nan
5.520000000000040075e+01 2.000000000000000000e+00 nan nan
5.910000000000039933e+01 8.449999999999999734e-01 nan nan
6.500000000000049738e+01 2.650000000000000133e-01 nan nan
6.650000000000049738e+01 1.900000000000000022e-01 nan nan
3.920000000000010232e+01 1.110000000000000098e+00 nan nan
5.970000000000040075e+01 7.700000000000000178e-01 nan nan
4.300000000000019895e+01 2.669999999999999929e+00 nan nan
5.760000000000039933e+01 1.179999999999999938e+00 nan nan
4.070000000000020179e+01 1.524999999999999911e+00 nan nan
5.730000000000040217e+01 1.260000000000000009e+00 nan nan
5.370000000000030127e+01 2.834999999999999964e+00 nan nan
5.270000000000030127e+01 3.520000000000000018e+00 nan nan
5.710000000000039933e+01 1.310000000000000053e+00 nan nan
5.080000000000030269e+01 4.889999999999999680e+00 nan nan
4.760000000000029985e+01 5.669999999999999929e+00 nan nan
5.280000000000030269e+01 3.450000000000000178e+00 nan nan
5.660000000000039933e+01 1.455000000000000071e+00 nan nan
6.230000000000050164e+01 4.400000000000000022e-01 nan nan
6.050000000000039790e+01 6.500000000000000222e-01 nan nan
6.110000000000039933e+01 5.799999999999999600e-01 nan nan
5.290000000000029701e+01 3.375000000000000000e+00 nan nan
6.940000000000060254e+01 1.499999999999999944e-01 nan nan
5.600000000000039790e+01 1.665000000000000036e+00 nan nan
3.360000000000010090e+01 3.499999999999999778e-01 nan nan
5.870000000000040075e+01 9.200000000000000400e-01 nan nan
3.810000000000010090e+01 8.750000000000000000e-01 nan nan
3.940000000000009805e+01 1.149999999999999911e+00 nan nan
5.500000000000039790e+01 2.084999999999999964e+00 nan nan
6.810000000000050591e+01 1.849999999999999978e-01 nan nan
6.290000000000050306e+01 3.900000000000000133e-01 nan nan
4.210000000000020037e+01 2.145000000000000018e+00 nan nan
5.320000000000030127e+01 3.180000000000000160e+00 nan nan
5.230000000000030269e+01 3.799999999999999822e+00 nan nan
6.570000000000050022e+01 2.149999999999999967e-01 nan nan
3.200000000000000000e+01 2.250000000000000056e-01 nan nan
5.720000000000040075e+01 1.290000000000000036e+00 nan nan
4.600000000000019895e+01 4.830000000000000071e+00 nan nan
6.520000000000050022e+01 2.550000000000000044e-01 nan nan
4.220000000000020179e+01 2.189999999999999947e+00 nan nan
6.710000000000050591e+01 2.000000000000000111e-01 nan nan
6.850000000000049738e+01 1.700000000000000122e-01 nan nan
4.770000000000030127e+01 5.719999999999999751e+00 nan nan
6.390000000000050306e+01 3.150000000000000022e-01 nan nan
4.670000000000020179e+01 5.275000000000000355e+00 nan nan
6.090000000000039648e+01 5.999999999999999778e-01 nan nan
4.400000000000019895e+01 3.325000000000000178e+00 nan nan
4.910000000000029985e+01 5.724999999999999645e+00 nan nan
3.339999999999999858e+01 3.250000000000000111e-01 nan nan
6.080000000000040217e+01 6.099999999999999867e-01 nan nan
3.420000000000010232e+01 3.900000000000000133e-01 nan nan
6.830000000000049454e+01 1.650000000000000078e-01 nan nan
5.400000000000029843e+01 2.649999999999999911e+00 nan nan
3.239999999999999858e+01 2.449999999999999956e-01 nan nan
6.930000000000059401e+01 1.499999999999999944e-01 nan nan
6.760000000000050591e+01 1.900000000000000022e-01 nan nan
3.350000000000000000e+01 3.449999999999999734e-01 nan nan
5.950000000000039790e+01 8.000000000000000444e-01 nan nan
6.190000000000050306e+01 4.749999999999999778e-01 nan nan
4.730000000000020322e+01 5.570000000000000284e+00 nan nan
6.430000000000049454e+01 2.949999999999999845e-01 nan nan
6.800000000000049738e+01 1.849999999999999978e-01 nan nan
6.400000000000049738e+01 2.999999999999999889e-01 nan nan
5.060000000000029985e+01 5.009999999999999787e+00 nan nan
3.450000000000009948e+01 4.149999999999999800e-01 nan nan
3.080000000000000071e+01 1.900000000000000022e-01 nan nan
3.760000000000010090e+01 7.900000000000000355e-01 nan nan
6.510000000000050591e+01 2.500000000000000000e-01 nan nan
3.730000000000009663e+01 7.349999999999999867e-01 nan nan
5.350000000000029843e+01 2.970000000000000195e+00 nan nan
3.329999999999999716e+01 2.999999999999999889e-01 nan nan
5.030000000000030269e+01 5.214999999999999858e+00 nan nan
6.340000000000050306e+01 3.549999999999999822e-01 nan nan
6.620000000000050022e+01 1.950000000000000067e-01 nan nan
6.410000000000050591e+01 3.049999999999999933e-01 nan nan
5.120000000000030127e+01 4.610000000000000320e+00 nan nan
3.850000000000009948e+01 9.449999999999999512e-01 nan nan
5.240000000000029701e+01 3.740000000000000213e+00 nan nan
5.260000000000029985e+01 3.589999999999999858e+00 nan nan
5.380000000000030269e+01 2.790000000000000036e+00 nan nan
3.660000000000010090e+01 6.500000000000000222e-01 nan nan
6.550000000000049738e+01 2.349999999999999867e-01 nan nan
6.160000000000039933e+01 5.000000000000000000e-01 nan nan
3.530000000000009663e+01 4.849999999999999867e-01 nan nan
6.740000000000050306e+01 1.900000000000000022e-01 nan nan
6.240000000000050306e+01 4.349999999999999978e-01 nan nan
4.720000000000020179e+01 5.525000000000000355e+00 nan nan
6.950000000000059686e+01 1.400000000000000133e-01 nan nan
5.250000000000029843e+01 3.660000000000000142e+00 nan nan
5.830000000000040217e+01 1.014999999999999902e+00 nan nan
3.890000000000009805e+01 1.040000000000000036e+00 nan nan
6.920000000000059970e+01 1.499999999999999944e-01 nan nan
6.020000000000040075e+01 6.999999999999999556e-01 nan nan
3.220000000000000284e+01 2.349999999999999867e-01 nan nan
3.600000000000009948e+01 5.699999999999999512e-01 nan nan
6.860000000000050591e+01 1.650000000000000078e-01 nan nan
4.750000000000019895e+01 5.650000000000000355e+00 nan nan
4.140000000000019753e+01 1.840000000000000080e+00 nan nan
4.660000000000020037e+01 5.200000000000000178e+00 nan nan
5.450000000000029843e+01 2.365000000000000213e+00 nan nan
3.680000000000009663e+01 6.800000000000000488e-01 nan nan
3.119999999999999929e+01 2.000000000000000111e-01 nan nan
6.790000000000050306e+01 1.849999999999999978e-01 nan nan
4.920000000000030127e+01 5.709999999999999964e+00 nan nan
4.490000000000019753e+01 4.004999999999999893e+00 nan nan
5.530000000000040217e+01 1.969999999999999973e+00 nan nan
5.580000000000040217e+01 1.745000000000000107e+00 nan nan
6.690000000000050306e+01 2.149999999999999967e-01 nan nan
6.130000000000040217e+01 5.450000000000000400e-01 nan nan
4.030000000000009663e+01 1.399999999999999911e+00 nan nan
3.440000000000009805e+01 3.950000000000000178e-01 nan nan
3.710000000000010090e+01 7.099999999999999645e-01 nan nan
5.310000000000029985e+01 3.225000000000000089e+00 nan nan
4.000000000000009948e+01 1.320000000000000062e+00 nan nan
5.440000000000029701e+01 2.399999999999999911e+00 nan nan
6.350000000000049738e+01 3.549999999999999822e-01 nan nan
4.900000000000029843e+01 5.750000000000000000e+00 nan nan
5.110000000000029985e+01 4.679999999999999716e+00 nan nan
5.670000000000040075e+01 1.445000000000000062e+00 nan nan
4.060000000000020037e+01 1.500000000000000000e+00 nan nan
4.290000000000019753e+01 2.625000000000000000e+00 nan nan
3.970000000000010232e+01 1.225000000000000089e+00 nan nan
5.020000000000030127e+01 5.269999999999999574e+00 nan nan
4.850000000000029843e+01 5.809999999999999609e+00 nan nan
6.530000000000049454e+01 2.449999999999999956e-01 nan nan
3.030000000000000071e+01 1.799999999999999933e-01 nan nan
3.169999999999999929e+01 2.099999999999999922e-01 nan nan
5.390000000000029701e+01 2.725000000000000089e+00 nan nan
3.800000000000009948e+01 8.649999999999999911e-01 nan nan
5.040000000000029701e+01 5.150000000000000355e+00 nan nan
6.900000000000059686e+01 1.549999999999999989e-01 nan nan
4.340000000000019753e+01 2.915000000000000036e+00 nan nan
3.229999999999999716e+01 2.449999999999999956e-01 nan nan
3.500000000000009948e+01 4.650000000000000244e-01 nan nan
4.440000000000019753e+01 3.595000000000000195e+00 nan nan
5.340000000000029701e+01 3.035000000000000142e+00 nan nan
5.430000000000030269e+01 2.475000000000000089e+00 nan nan
6.260000000000049880e+01 4.099999999999999756e-01 nan nan
5.860000000000039933e+01 9.399999999999999467e-01 nan nan
5.510000000000039933e+01 2.055000000000000160e+00 nan nan
6.780000000000049454e+01 1.749999999999999889e-01 nan nan
4.480000000000020322e+01 3.944999999999999840e+00 nan nan
5.640000000000039648e+01 1.534999999999999920e+00 nan nan
5.740000000000039648e+01 1.239999999999999991e+00 nan nan
5.890000000000039648e+01 8.750000000000000000e-01 nan nan
6.070000000000040075e+01 6.300000000000000044e-01 nan nan
4.570000000000020179e+01 4.605000000000000426e+00 nan nan
3.570000000000010232e+01 5.300000000000000266e-01 nan nan
5.700000000000039790e+01 1.334999999999999964e+00 nan nan
3.640000000000009805e+01 6.300000000000000044e-01 nan nan
4.370000000000020179e+01 3.120000000000000107e+00 nan nan
4.630000000000020322e+01 5.004999999999999893e+00 nan nan
4.970000000000030127e+01 5.530000000000000249e+00 nan nan
3.900000000000009948e+01 1.060000000000000053e+00 nan nan
4.450000000000019895e+01 3.669999999999999929e+00 nan nan
6.140000000000039648e+01 5.250000000000000222e-01 nan nan
6.610000000000050591e+01 2.099999999999999922e-01 nan nan
6.980000000000059401e+01 1.350000000000000089e-01 nan nan
5.200000000000029843e+01 4.019999999999999574e+00 nan nan
4.840000000000029701e+01 5.815000000000000391e+00 nan nan
3.490000000000009805e+01 4.500000000000000111e-01 nan nan
3.410000000000010090e+01 3.850000000000000089e-01 nan nan
3.860000000000010090e+01 9.699999999999999734e-01 nan nan
6.300000000000049738e+01 3.850000000000000089e-01 nan nan
6.250000000000049738e+01 4.249999999999999889e-01 nan nan
4.130000000000020322e+01 1.790000000000000036e+00 nan nan
